total_length = 13598.016196433735
dx = 6.799008098216867
rho_a = 2.0922310752080854e-17