total_length = 14548.696939888096
dx = 7.274348469944048
rho_a = 1.39482071680539e-17